7001955491
574422122
7441318559
7622246664
6017228113
6275217849
575533495
6111512199
1818962567
7718634289
7034938038
6567319541
7362512027
6387797940
5892038435
7728745629
5455747538
7411307197
gqcomcn
6330069793
logout
jianhuangshi
ohmygossip
6779884271
2821843050
5062869612
chopardchina
6532119230
qwguo
5212464514
5850231066
7506762689
6395760665
5639890379
5238833931
2011gjsd
7746145168
1940899690
2839442860
3290016493
6548368832
7715389154
6358629069
7006227546
6468846572
5202337229
duxiaominger
2337783082
5473910939
6566905425
ladyheeheechul
6926434215
7593106031
7493096999
kuyunhudong
6328450369
yongtvshow
7067439325
6443660959
sosolili
5316215492
chaobuchaocass
5189734408
5282109114
6071017693
2151481347
5854366690
6192755039
6349635612
5092890473
5761006854
345023523
6739795686
6481028224
5628495345
5850776522
6871390978
235679956
6984441960
2016483877
7311196928
6317706002
7734468783
7685513568
cx233
2334277342
lovehealthfood
bagezhuanyong88
240489
1871143367
6242397697
7023492109
1256363904
kenny1995
shoushilvbar
5609184218
yuli0715
1915366477
7413204608
elizabetharden
2833159894
7798078447
6706919838
GQVIDEOS
ilovetraveling
7502931231
7409134080
7517388777
w2china
1298791654
6720739168
voguemechina
735034515
6034034667
6307228114
weibo.cn
619130789
smtdtyhd
5601456932
6074185655
3794896372
7438781495
numen17
3771863785
7720921888
5474178263
6884549195
knych
6175919218
hangyun
6358158604
5182575519
7796874664
6470326437
6353337392
1745228957
wangluoshengdian
3938948294
7436381715
6199666483
3235193050
7520439692
5537147004
6815339076
5614146900
5747209783
5432830717
7771350255
7533969709
3619169387
duoer000
6364463709
5040964687
7714506171
7513218015
7755048089
5385182891
1763502701
5534125874
1708196477
208585767
6412015716
scssrs
1919275551
2109783700
6325153081
5072875117
2457985210
tcmakhc710209
6619781167
3979866498
6095979536
270993324
5133678749
616026689
7731939457
7269683362
curel
6312387778
7332856086
7368838461
2642705295
bapiwang
HauteCoutureStyle
1873286380
7635912144
5885526534
yxshuo
6984334733
5116960772
3687303453
3956055188
2721158983
2050513295
1750858234
huanqiujujiao
7510498187
