5756664157
6121864111
7224902278
6174867023
7806092438
rankiku
1938060373
fashiononion
6421807310
7438781495
7796495050
5739282593
starjiepai
7090942012
kuyunhudong
5896912405
7211926109
6074185655
7527799768
2071295267
7786576441
1010859475
xltv
345023523
jianhuangshi
5832772172
7690635160
6222704295
7797737706
6336722541
19890206hui
7746145168
7735105675
7520439692
1823542087
6047473665
5864834040
tcmakhc710209
laomutouyu
3164543560
3048800300
1722254653
6330069793
5707098619
7778638280
6528730356
bagezhuanyong88
7755403538
5040964687
7370913478
2850104322
1915366477
235679956
2510881373
6213312476
6984334733
ninepercent09
2433163681
7351019391
2265283842
6018601600
2050513295
7628577336
5653568984
7544809253
6512262068
575533495
5455747538
kyleguo
elizabetharden
6610418121
7269683362
zxn94nb
7268643154
7800410680
3794896372
6192755039
6580966029
huanqiujujiao
6210912904
5212464514
5609184218
1940899690
7796874664
6260534625
weibo.cn
7728004876
6985638151
1930185105
574110013
2390209393
6996952418
curel
7458482719
7396423131
mtdzfh
6466629209
6095979536
5754143538
6092903695
7379682876
chopardchina
6489506656
CCLNRC
5700540635
logout
szfashionlofficiel
7509335349
6597052575
5168268574
BTShuangzidanJV
7438679036
7809516659
7493388410
6457254997
5668420162
2629009114
3972694817
5072875117
6200612966
240489
1491832997
6543419106
6532119230
6511175048
6159487799
6511453608
5352758859
5321110966
7373588462
6988872399
2647904025
6380663792
2721158983
7730725987
6267667719
3963016402
1855190833
6733500819
7069152614
7256936370
7783326940
502245042
7740499113
2706266814
6150315109
1763502701
3619169387
7362512027
5751949769
5658520099
7787399456
5770163304
6581001243
7808558601
5571885936
tudouyule
5619994930
5892038435
5792345350
lovehealthfood
6511700478
jaqueline0517
7718634289
HauteCoutureStyle
5662909615
277554945
7493335863
3845434863
tmagazinechina
1919275551
sohutv
1746658980
huohuojuzhang
6307228114
aigengdeqian
2151481347
3681880111
6468846572
1778113132
2948669611
6302624102
5601366052
5937986794
wangluoshengdian
iam10148
7784221655
7332856086
6566905425
5131061893
7karuta
6656353192
1865957550
7490319158
nanolight
6815339076
7311196928
7075697637
6353337392
6275217849
5843735586
